["Anthrakia",[16634.3,16154,0],225,1,1,1,1]\
["Telos",[16257,17346.7,0],225,1,1,1,7]\
["Gravia",[14479.8,17614.3,0],150,1,1,1,6]\
["Stavros",[12900.1,15091.6,0],225,1,1,1,0]\
["Charkia",[18099.1,15314.1,0],225,1,1,1,0]\
["Neochori",[12552,14337,0],300,1,1,1,2]\
["Pyrgos",[16730.6,12654.5,0],300,1,1,1,7]\
["Lakka",[12282,15732.3,0],225,1,1,1,0]\
["Rodopoli",[18753.4,16547.1,0],225,1,1,1,1]\
["Athira",[14043,18659.4,0],225,1,1,1,7]\
["Kalithea",[17876.5,18179.4,0],150,1,1,1,1]\
["Katalaki",[11751.1,13722.1,0],225,1,1,1,0]\
["Nifi",[19523.3,15453.7,0],225,1,1,1,0]\
["Alikampos",[11162.6,14573.7,0],150,1,1,1,4]\
["Dorida",[19336.9,13252.3,0],225,1,1,1,1]\
["Agios Petros",[19289.4,17591.6,0],150,1,1,1,1]\
["Koroni",[11836.7,18322.4,0],150,1,1,5,3]\
["Poliakko",[10916.5,13485.3,0],225,1,1,1,2]\
["Ifestiona",[12837,19679.3,0],150,1,1,1,2]\
["Agia Triada",[16618.5,20537,0],150,1,1,1,0]\
["Orino",[10460.4,17293.1,0],150,1,1,1,0]\
["Frini",[14612.5,20786.7,0],150,1,1,1,5]\
["Ekali",[17009.7,9992.32,0],225,1,1,1,0]\
["Therisa",[10668.9,12237.3,0],225,1,1,1,2]\
["Paros",[20935.4,17008.8,0],225,1,1,1,4]\
["Kalochori",[21401.6,16361.9,0],225,1,1,1,0]\
["Chalkeia",[20194.6,11610.7,0],225,1,1,1,3]\
["Agios Dionysios",[9237.95,15947.8,0],300,1,1,1,2]\
["Galati",[10320.3,19086,0],225,1,1,1,1]\
["Zaros",[9141.81,12011.9,0],225,1,1,1,4]\
["Syrta",[8625.13,18301.6,0],150,1,1,1,0]\
["Abdera",[9425.42,20284,0],150,1,1,1,2]\
["Topolia",[7325.81,15479.5,0],150,1,1,1,0]\
["Panagia",[20440.2,8857.12,0],225,1,1,1,2]\
["Kore",[7062.42,16422.1,0],300,1,1,1,0]\
["Ioannina",[23199.7,19986.6,0],150,1,1,1,1]\
["Delfinaki",[23908.6,20144.7,0],150,1,1,1,2]\
["Feres",[21590.7,7583.93,0],225,1,1,1,11]\
["Selakano",[20719.8,6686.46,0],225,1,1,1,2]\
["Negades",[4935.98,16171.3,0],150,1,1,1,0]\
["Panochori",[5033.31,11195.2,0],225,1,1,1,8]\
["Agios Konstantinos",[3998.77,17327.8,0],300,1,1,1,0]\
["Aggelochori",[3637.78,13826.1,0],375,1,1,1,1]\
["Neri",[4066.11,11686.1,0],225,1,1,1,0]\
["Sofia",[25630.5,21365.1,0],225,1,1,1,5]\
["Kavala",[3508.95,13016.4,0],375,1,1,1,0]\
["Oreokastro",[4560.45,21410.6,0],225,1,1,1,1]\
["Molos",[26993.9,23120.7,0],225,1,1,1,7]\
["Kavala mMilitary Base",[3898.33,12295.6,-0.0777054],225,1,1,3,-1]\
["Kore Military Base",[6829.23,16050.2,0.00537109],225,1,1,3,-1]\
["Zaros Military Base",[8319.73,10057.5,-0.000366211],225,1,1,3,-1]\
["Syrta Military Base",[8409.97,18245.3,-0.0607452],225,1,1,3,-1]\
["Vikos Military Base",[12304.7,8867.68,0.00975037],225,1,1,3,-1]\
["Stavros Military Base",[12443.3,15195.3,0.00401306],225,1,1,3,-1]\
["Lakka Military Base",[12795,16705.1,-0.0269699],225,1,1,3,-1]\
["Athira Military Base",[13808.5,18967.4,-0.0881844],225,1,1,3,-1]\
["Frini Military Base",[14227.7,21210.6,-0.622147],225,1,1,3,-1]\
["Sagonisi Military Base",[14296,13031.5,0.000890732],225,1,1,3,-1]\
["Zeloran Military Base",[16590.6,19041.6,0.0501595],225,1,1,3,-1]\
["South Pyrgos Base",[16839.5,12044.1,0.0367432],225,1,1,3,-1]\
["North Pyrgos Base",[17314.2,13185.2,0.00620842],225,1,1,3,-1]\
["Pefkas Military Base",[20601.8,20131.5,0.134674],225,1,1,3,-1]\
["Agios Georgios Base",[20988.3,19270,0.0485153],225,1,1,3,-1]\
["Delfinaki Base",[23485.1,21095.7,0.0941925],225,1,1,3,-1]\
["Almyra airfield",[23145,18443.6,3.19],300,1,1,3,-1]\
["AAC airfield",[11461.2,11661.7,-22.9852],300,1,1,2,-1]\
["Abdera airfield",[9155.25,21538.2,16.0988],300,1,1,2,-1]\
["Feres airfield",[20983,7242,25.656],300,1,1,2,-1]\
["Molos Airfield",[26939.8,24743.8,-20.3838],300,1,1,2,-1]\
["Chelonisi Island",[16678,13596,0],75,1,6,5,-1]\
["Surf Club",[21331,10439,0],75,1,6,5,-1]\
["Ochrolimni Salt Flats",[23720,16207,0],75,1,6,5,-1]\
["Cap Strigla",[28287,25709],75,1,6,5,-1]\
["Sofia Radar Station",[25287,21823,0],75,1,6,5,-1]\
["Sofia Power Plant",[25414,20332,0],75,1,6,5,-1]\
["Iraklia Ghost Hotal",[21809,21015,0],75,1,6,5,-1]\
["Iraklia Ruins",[21610,21243,0],75,1,6,5,-1]\
["Cap Zefyris",[18055,19175,0],75,1,6,5,-1]\
["Cap Nychi",[16935,21973,0],75,1,6,5,-1]\
["Thronos Castle",[4834,21942,0],75,1,6,5,-1]\
["Bomos",[2265,22167,0],75,1,6,5,-1]\
["Fotia",[3036,18459,0],75,1,6,5,-1]\
["Magos Mountain Radio",[4546,15427,0],75,1,6,4,-1]\
["Stadium",[5482,15010,0]75,1,6,5,-1]\
["Athanos",[3616,10236,0],75,1,6,5,-1]\
["Iremi",[4872,9979,0],75,1,6,5,-1]\
["Edoris",[5990,10498,0],75,1,6,5,-1]\
["Edessa",[7229,11031,0],75,1,6,5,-1]\
["Eginio",[11517,7106,0],75,1,6,5,-1]\
["Sfaka",[9279,8054,0],75,1,6,5,-1]\
["Xirolimni Dam",[9194,13747,0],75,1,6,5,-1]\
["Agia Stemma",[7893,14621,0],75,1,6,5,-1]\
["Athira Factory",[14358,18931,0],75,1,6,5,-1]\
["Pyrsos Mountain",[9211,19269,0],75,1,6,5,-1]\
["Faronaki",[14927,11088,0],75,1,6,5,-1]\
["Livadi",[18455,8116,0],75,1,6,5,-1]\
["Mazi",[21761,6035,0],75,1,6,5,-1]\
["Agia Pelagia Military",[23059,7285,0],75,1,6,5,-1]\
["Trachia",[22126,8427,0],75,1,6,5,-1]\
["Telos Military",[16062,17002,0],75,1,1,3,-1]\
["Altis Airbase",[14499,16491,0],75,1,1,3,-1]\
["Riga Hill",[9193,11475,0],75,1,6,5,-1]\
["N Aggelochori Power Plant",[4226,15052,0],75,1,6,5,-1]\
["West Kore Factory",[6178,16245,0],75,1,6,5,-1]\
["Faros",[6578,22668,0],75,1,6,5,-1]\
["Krya Nera",[9701,22265,0],75,1,6,5,-1]\
["Tonos",[12130,22842,0],75,1,6,5,-1]\
["Agios Kosmaa",[8811,7476,0],75,1,6,5,-1]\
["Selakano Military",[20065,6676,0],75,1,6,5,-1]\
["Aktinarki Ruins",[21481,10861,0],75,1,6,5,-1]\
["Cap kategidis",[22788,16717,0],75,1,6,5,-1]\
["Limnichori",[22219,15288,0],75,1,6,5,-1]\
["Sideras",[23381,24434,0],75,1,6,5,-1]\
["Zeloran",[17038,19570,0],75,1,6,5,-1]\
["Gori Factory",[5419,17914,0],75,1,6,5,-1]\
["Gatolia",[26752,21200,0],75,1,6,5,-1]\
["Kavala Quarry",[4447,12603,0],75,1,6,5,-1]\
["Edessa Power Plant",[8216,10887,0],75,1,6,5,-1]\





























