["Arnoldstein Airport",[4459,7492,0],375,1,1,2,0]\
["Arnoldstein",[46677,7985,0],300,1,1,1,0]\
["Drulokovka Army Depot",[3502,8031,0],150,1,1,3,0]\
["West Arnoldstein Factory",[3938,7481,0],75,1,1,5,0]\
["East Arnoldstein",[5115,7264,0],150,1,1,1,0]\
["Hoopsberg",[5529,7240,0],75,1,1,5,0]\
["Kelch Monk",[5883,7138,0],150,1,1,1,0]\
["Senzatoka",[6076,7373,0],150,1,1,1,0]\
["East Senzatoka",[6405,7272,0],150,1,1,1,0]\
["Pantherion Racing Park",[6765,7301,0],150,1,1,5,0]\
["Klienfort Freckle",[6765,7301,0],150,1,1,1,0]\
["Tarvisio,[3265,6654,0],225,1,1,1,0]\
["Fusine",[4210,6508,0],300,1,1,1,0]\
["Planica Skijump",[4484,6293,0],75,1,1,5,0]\
["BC Wurzenpass",[4764,6830,0],75,1,1,5,0]\
["Podkoren Kranjska Gora",[4963,6439,0],225,1,1,1,0]\
["Gozd Mar",[5555,6394,0],150,1,1,1,0]\
["West Belca Factory",[5840,6363,0],75,1,1,5,0]\
["Belca Mojstrana",[6285,6185,0],225,1,1,1,0]\
["Hrusica",[7123,5912,0],225,1,1,1,0]\
["Koroska Bela",[7641,5609,0],300,1,1,1,0]\
["Breg Zirovnica",[8130,5288,0],150,1,1,1,0]\
["Grad Kamen",[8717,5157,0],75,1,1,5,0]\
["Airport Lesce",[8666,4619,0],375,1,1,2,0]\
["Lesce",[8278,4862,0],75,1,1,1,0]\
["Bled",[7813,4939,0],300,1,1,1,0]\
["Boh Bela Obrne",[7813,4939,0],300,1,1,1,0]\
["Gorje",[7456,5079,0],75,1,1,5,0]\
["Gorjuse",[7051,4254,0],75,1,1,5,0]\
["Nomenj",[6954,3941,0],75,1,1,5,0]\
["Jereka",[6600,4135,0],225,1,1,1,0]\
["Boh Bistrica",[6528,3762,0],150,1,1,1,0]\
["Sport Hotel",[6635,4518,0],75,1,1,5,0]\
["Rudno Polje",[6266,4665,0],75,1,1,5,0]\
["Studor",[6166,3980,0],75,1,1,1,0]\
["Ribcev Laz",[5956,3767,0],75,1,1,5,0]\
["Aljazev Dom",[5546,5441,0],75,1,1,5,0]\
["Trenta",[4721,5069,0],75,1,1,5,0]\
["Riofreddo",[3135,6234,0],150,1,1,1,0]\