["Lami",[7941.7,7663.32,0],225,1,1,0]\
["Lifou",[7030.21,8054.08,0],375,1,1,0]\
["Lakatoro",[9263.6,8741.29,0],150,1,1,0]\
["Lobaka",[5978.08,8580.17,0],225,1,1,0]\
["Tanouka",[8964.23,10214.2,0],300,1,1,0]\
["Regina",[4969.7,8778.68,0],300,1,1,0]\
["La Foa",[8775.16,4778.34,0],300,1,1,0]\
["Savaka",[7161.97,4237.91,0],150,1,1,0]\
["Georgetown",[5396.22,10334.7,0],300,1,1,0]\
["Buawa",[8266.95,11182.2,0],150,1,1,0]\
["Kotomo",[10974.5,6232.58,0],225,1,1,0]\
["Lösi",[10200.8,4964.28,0],150,1,1,0]\
["Moddergat",[9457.35,4083.13,0],225,1,1,0]\
["Vagalala",[11069.2,9698.43,0],225,1,1,0]\
["Saint-Julien",[5858.6,11163.3,0],225,1,1,0]\
["Imone",[10487.6,10613.7,0],150,1,1,0]\
["Harcourt",[11172.5,5342.93,0],300,1,1,0]\
["Katkoula",[5634.68,3993.67,0],375,1,1,0]\
["Tobakoro",[8741.21,3506.31,0],300,1,1,0]\
["Galili",[8164.07,12007.2,0],150,1,1,0]\
["Rautake",[3403.76,6786.13,0],225,1,1,0]\
["Balavu",[2727.42,7491.56,0],225,1,1,0]\
["Oua-Oué",[5702.39,12375.8,0],150,1,1,0]\
["Sosovu",[2636.79,9230.77,0],150,1,1,0]\
["Namuvaka",[2824.25,5650.17,0],150,1,1,0]\
["Ouméré",[12934.3,7271.96,0],300,1,1,0]\
["Leqa",[2313.54,8236.87,0],150,1,1,0]\
["Nicolet",[6214.67,12914.7,0],375,1,1,0]\
["Blerick",[10205.9,2788.07,0],300,1,1,0]\
["Belfort",[3182.55,10927.1,0],300,1,1,0]\
["Saioko",[12353.5,4569.93,0],225,1,1,0]\
["Petit Nicolet",[6863.05,13389.5,0],225,1,1,0]\
["Saint-Paul",[7879.41,13649.8,0],225,1,1,0]\
["Doodstil",[12811.9,4641.1,0],225,1,1,0]\
["Nasua",[11417.6,12310.2,0],150,1,1,0]\
["Savu",[8393.35,13778.4,0],225,1,1,0]\
["Muaceba",[1556.43,8545.12,0],150,1,1,0]\
["Momea",[10373.8,13302.2,0],225,1,1,0]\
["Laikoro",[1578.02,6140.57,0],225,1,1,0]\
["Yanukka",[3051.14,3398.56,0],225,1,1,0]\
["La Rochelle",[9599.78,13723.4,0],375,1,1,0]\
["Cerebu",[2131.95,4589.63,0],150,1,1,0]\
["Luganville",[14090.9,8308.29,0],225,1,1,0]\
["Pénélo",[10916.2,13233.5,0],225,1,1,0]\
["Nani",[1954.62,10727,0],150,1,1,0]\
["Lijnhaven",[11852,2662.98,0],225,1,1,0]\
["Port-Boisé",[12765.1,3259.17,0],150,1,1,0]\
["Tavu",[924.49,7704.05,0],225,1,1,0]\
["Vatukoulo",[14007.4,9905.55,0],225,1,1,0]\
["Lailai",[3577.54,2208.85,0],150,1,1,0]\
["Nandai",[14446.3,8827.4,0],225,1,1,0]\
["Ovau",[12401.7,12737.8,0],225,1,1,0]\
["Bua Bua",[13305.1,3019.73,0],225,1,1,0]\
["Blue Pearl industrial port",[13573,12084.8,0],300,1,1,0]\
["Taga",[12255.2,1880.2,0],150,1,1,0]\
["Tuvanaka",[1629.49,11987.8,0],450,1,1,0]\
["Aéroport de Tanoa",[6952.61,7400.35,-2.66],300,1,2,-1]\
["Saint-George Airstrip",[11570,3150.79,-5.56791],300,1,2,-1]\
["La Rochelle Aerodrome",[11650.3,13135.4,-6.95],300,1,2,-1]\
["Bala Airstrip",[2089.06,3523.68,-12.95],300,1,2,-1]\